特征向量矩阵为:
-0.012193 -0.024336 0.036389 0.048302 -0.060038 -0.071537 -0.082769 0.093686 0.104249 0.114416 -0.124149 -0.133412 0.142168 0.150385 -0.158031 -0.165078 -0.171499 0.177269 0.182366 0.186772 0.190470 -0.193445 -0.195686 0.197185 0.197936 -0.197936 0.197184 -0.195686 -0.193445 0.190470 0.186772 0.182366 -0.177269 0.171499 0.165076 -0.158032 -0.150384 0.142169 -0.133414 0.124070 0.114509 0.104888 -0.093458 0.082361 0.071267 -0.059848 0.047930 0.036318 -0.024025 0.012197 
-0.024339 -0.048302 0.071538 0.093687 -0.114425 -0.133411 -0.150385 0.165077 0.177269 0.186772 -0.193444 -0.197185 0.197935 0.195686 -0.190470 -0.182366 -0.171499 0.158031 0.142168 0.124149 0.104249 -0.082768 -0.060033 0.036388 0.012191 0.012191 -0.036388 0.060033 0.082769 -0.104249 -0.124150 -0.142170 0.158032 -0.171501 -0.182360 0.190475 0.195682 -0.197939 0.197192 -0.193279 -0.186947 -0.179543 0.164740 -0.149850 -0.133050 0.114174 -0.093162 -0.071435 0.047841 -0.024332 
-0.036393 -0.071537 0.104251 0.133412 -0.158043 -0.177268 -0.190470 0.197184 0.197185 0.190470 -0.177268 -0.158031 0.133411 0.104249 -0.071537 -0.036388 -0.000000 -0.036388 -0.071536 -0.104249 -0.133412 0.158031 0.177269 -0.190470 -0.197185 0.197185 -0.190470 0.177269 0.158031 -0.133412 -0.104249 -0.071536 0.036388 0.000001 0.036386 -0.071539 -0.104247 0.133414 -0.158036 0.177120 0.190645 0.198539 -0.196768 0.189742 0.176757 -0.157671 0.132618 0.104095 -0.070819 0.036428 
-0.048309 -0.093687 0.133414 0.165078 -0.186787 -0.197184 -0.195686 0.182366 0.158031 0.124149 -0.082768 -0.036388 -0.012191 -0.060033 0.104249 0.142168 0.171499 -0.190470 -0.197936 -0.193445 -0.177269 0.150384 0.114417 -0.071536 -0.024335 -0.024336 0.071537 -0.114417 -0.150384 0.177270 0.193445 0.197930 -0.190468 0.171495 0.142176 -0.104242 -0.060037 0.012188 0.036396 -0.082591 -0.124321 -0.161567 0.182147 -0.195448 -0.196970 0.186631 -0.164590 -0.133302 0.093138 -0.048394 
-0.060041 -0.114417 0.158034 0.186773 -0.197951 -0.190470 -0.165078 0.124149 0.071537 0.012191 0.048302 0.104249 -0.150384 -0.182367 0.197185 0.193445 0.171499 -0.133412 -0.082769 -0.024336 0.036388 -0.093686 -0.142168 0.177269 0.195686 -0.195686 0.177269 -0.142168 -0.093687 0.036388 -0.024336 -0.082770 0.133412 -0.171500 -0.193443 0.197186 0.182366 -0.150385 0.104248 -0.048345 0.012251 0.072319 -0.124044 0.164936 0.190287 -0.197793 0.186210 0.157901 -0.113730 0.060130 
-0.071546 -0.133412 0.177273 0.197185 -0.190484 -0.158030 -0.104249 0.036388 -0.036388 -0.104249 0.158031 0.190470 -0.197184 -0.177269 0.133412 0.071537 0.000000 0.071537 0.133412 0.177269 0.197185 -0.190469 -0.158031 0.104249 0.036388 0.036388 -0.104249 0.158031 0.190470 -0.197185 -0.177269 -0.133415 0.071538 -0.000003 0.071543 -0.133406 -0.177272 0.197183 -0.190466 0.158076 0.104238 0.032911 0.036666 -0.105001 -0.158432 0.190759 -0.197315 -0.177252 0.133173 -0.071597 
-0.082780 -0.150385 0.190474 0.195686 -0.165090 -0.104249 -0.024336 -0.060033 -0.133412 -0.182366 0.197935 0.177269 -0.124149 -0.048302 -0.036388 -0.114416 -0.171499 0.197185 0.186772 0.142168 0.071536 0.012191 0.093687 -0.158031 -0.193445 0.193445 -0.158031 0.093686 0.012191 0.071537 0.142167 0.186766 -0.197183 0.171494 0.114425 -0.036381 0.048298 -0.124153 0.177274 -0.197802 -0.182497 -0.134308 0.059690 0.025029 0.104625 -0.165334 0.195722 0.190432 -0.149998 0.082776 
-0.093699 -0.165078 0.197189 0.182366 -0.124159 -0.036387 0.060033 -0.142167 -0.190470 -0.193444 0.150385 0.071537 0.024336 0.114417 -0.177269 -0.197935 -0.171499 0.104249 0.012191 -0.082768 -0.158031 0.195686 0.186773 -0.133411 -0.048302 -0.048302 0.133412 -0.186773 -0.195686 0.158032 0.082768 -0.012196 0.104251 -0.171501 -0.197931 0.177272 0.114415 -0.024336 -0.071537 0.150317 0.193566 0.187811 -0.141548 0.058591 -0.037323 0.124847 -0.183182 -0.197283 0.165233 -0.093716 
-0.104264 -0.177269 0.197189 0.158030 -0.071542 0.036388 0.133412 -0.190469 -0.190470 -0.133411 0.036388 -0.071537 0.158031 0.197185 -0.177269 -0.104249 -0.000000 -0.104249 -0.177269 -0.197185 -0.158031 0.071536 -0.036388 0.133411 0.190470 -0.190470 0.133412 -0.036388 0.071536 -0.158031 -0.197185 -0.177275 0.104251 -0.000006 0.104262 -0.177259 -0.197191 0.158026 -0.071526 -0.036182 -0.133608 -0.193297 0.190088 -0.132659 -0.035825 -0.071974 0.158446 0.197220 -0.177087 0.104210 
-0.114432 -0.186773 0.190474 0.124149 -0.012192 0.104250 0.182367 -0.193444 -0.133412 -0.024335 -0.093686 -0.177269 0.195686 0.142168 -0.036388 0.082769 0.171499 -0.197185 -0.150385 -0.048302 0.071537 -0.165077 -0.197936 0.158031 0.060033 0.060033 -0.158031 0.197936 0.165078 -0.071536 0.048302 0.150378 -0.197183 0.171494 0.082776 0.036393 0.142166 -0.195687 0.177269 -0.093713 0.024410 0.131433 -0.193034 0.181293 0.103358 0.012938 -0.125209 -0.190629 0.187088 -0.114265 
-0.124167 -0.193445 0.177272 0.082767 0.048306 0.158031 0.197936 -0.150384 -0.036388 0.093686 -0.182367 -0.190470 0.114416 -0.012191 0.133412 0.195686 0.171499 -0.071537 0.060033 0.165078 0.197185 -0.142168 -0.024336 -0.104249 -0.186773 0.186772 -0.104249 -0.024336 -0.142168 0.197186 0.165077 0.060025 0.071538 -0.171505 -0.195675 0.133421 0.012185 0.114412 -0.190462 0.182484 0.093605 -0.040529 0.150486 -0.198148 -0.157899 0.048081 0.083048 0.177308 -0.193196 0.123988 
-0.133430 -0.197185 0.158034 0.036387 0.104257 0.190470 0.177269 -0.071536 0.071537 0.177268 -0.190469 -0.104249 -0.036388 -0.158031 0.197185 0.133412 0.000000 0.133412 0.197185 0.158031 0.036388 0.104249 0.190471 -0.177268 -0.071536 -0.071537 0.177269 -0.190470 -0.104249 -0.036387 -0.158030 -0.197192 0.133415 -0.000006 0.133425 -0.197175 -0.158035 0.036385 0.104256 -0.190340 -0.177368 -0.073637 -0.071675 0.177278 0.190129 -0.103801 -0.037230 -0.158188 0.197428 -0.133199 
-0.142187 -0.197936 0.133414 -0.012193 0.150397 0.197184 0.124149 0.024335 0.158031 0.195685 -0.114417 0.036388 -0.165078 -0.193445 0.104249 -0.048302 -0.171499 0.190470 0.093686 -0.060033 -0.177269 0.186772 0.082768 0.071536 0.182366 -0.182366 0.071536 0.082768 0.186772 -0.177268 -0.060034 0.093679 -0.190469 0.171492 0.048312 0.104256 0.193440 -0.165080 0.036390 0.114405 0.195758 0.153612 -0.023708 -0.125493 -0.197735 0.150585 -0.012314 0.133423 -0.197515 0.141951 
-0.150405 -0.195686 0.104251 -0.060034 0.182381 0.177268 0.048302 0.114416 0.197185 0.142168 0.012191 0.158032 -0.193444 -0.093686 -0.071537 -0.186772 -0.171499 0.036388 -0.124149 -0.197936 -0.133411 -0.024335 -0.165078 0.190470 0.082769 0.082769 -0.190470 0.165078 0.024336 0.133413 0.197936 0.124138 0.036392 -0.171506 -0.186756 0.071550 -0.093694 0.193440 -0.158018 0.012427 -0.142378 -0.200305 0.113997 0.048979 0.177435 -0.182251 0.059451 -0.104405 0.195890 -0.150313 
-0.158052 -0.190470 0.071538 -0.104251 0.197200 0.133410 -0.036388 0.177268 0.177269 0.036388 0.133411 0.197185 -0.104249 0.071536 -0.190470 -0.158031 -0.000000 -0.158031 -0.190470 -0.071537 0.104249 -0.197185 -0.133412 -0.036388 -0.177269 0.177269 -0.036388 -0.133412 -0.197185 0.104250 -0.071537 -0.190477 0.158032 -0.000006 0.158041 -0.190463 -0.071541 -0.104251 0.197186 -0.133433 0.036473 0.173382 -0.176630 0.034826 -0.134314 0.197665 -0.104589 0.071552 -0.190051 0.158116 
-0.165100 -0.182366 0.036389 -0.142168 0.193460 0.071536 -0.114416 0.197935 0.104249 -0.082768 0.195686 0.133412 0.048302 0.186773 -0.158031 0.012191 0.171499 -0.177269 -0.024335 0.150385 0.190470 -0.060033 0.124150 -0.197184 -0.093686 -0.093687 0.197185 -0.124150 0.060033 -0.190469 -0.150384 0.024325 -0.177265 0.171490 0.012207 0.158044 0.186766 -0.048307 -0.133400 0.195871 0.082625 -0.108739 0.197841 -0.114205 0.071714 -0.193420 0.141546 -0.036588 0.182764 -0.165343 
-0.171523 -0.171499 -0.000000 -0.171500 0.171512 -0.000002 -0.171499 0.171498 -0.000000 -0.171498 0.171498 -0.000000 0.171498 0.171498 0.000000 0.171499 0.171498 -0.000000 0.171499 0.171498 -0.000000 0.171498 0.171498 -0.000000 0.171499 -0.171499 -0.000000 0.171498 0.171498 0.000001 0.171498 0.171487 0.000003 -0.171507 -0.171484 0.000010 -0.171505 0.171494 0.000007 -0.171390 -0.171557 -0.003308 -0.171378 0.170783 -0.000714 0.171983 -0.171736 0.000064 -0.171310 0.171615 
-0.177295 -0.158030 -0.036389 -0.190470 0.133420 -0.071537 -0.197185 0.104249 -0.104249 -0.197184 0.071537 -0.133411 0.190470 0.036388 0.158031 0.177269 0.000000 0.177269 0.158031 -0.036388 -0.190470 0.133412 -0.071536 0.197185 0.104249 0.104249 -0.197185 0.071536 -0.133411 0.190471 0.036388 -0.158040 0.177272 -0.000007 0.177283 -0.158021 0.036383 -0.190473 0.133417 0.071585 0.197202 0.098886 0.104766 -0.198109 -0.071766 -0.133265 0.189615 0.036125 0.158746 -0.177482 
-0.182395 -0.142167 -0.071538 -0.197936 0.082773 -0.133412 -0.186773 0.012191 -0.177269 -0.150384 -0.060033 -0.197185 0.093686 -0.124149 0.190470 0.024335 -0.171499 0.158031 -0.048302 -0.195686 -0.104249 -0.114416 -0.193445 0.036387 -0.165078 0.165078 0.036388 -0.193445 -0.114417 -0.104248 -0.195687 -0.048313 -0.158028 0.171488 -0.024317 0.190485 0.124140 0.093680 -0.197171 0.060272 -0.150587 -0.180685 -0.012555 0.187027 0.133098 0.083146 -0.198051 -0.071438 -0.142201 0.182754 
-0.186801 -0.124148 -0.104251 -0.193444 0.024336 -0.177268 -0.142168 -0.082768 -0.197185 -0.048302 -0.165078 -0.158031 -0.060033 -0.197936 0.071536 -0.150385 -0.171499 -0.036388 -0.195686 -0.093686 0.133412 -0.182366 0.012191 -0.190470 -0.114416 -0.114416 0.190470 -0.012191 0.182367 -0.133410 0.093687 0.195676 -0.036384 -0.171505 -0.150372 -0.071528 -0.197940 0.060031 0.158034 -0.165089 0.048390 0.191952 -0.082000 -0.143750 -0.177854 -0.024095 0.192556 0.103976 0.125010 -0.186581 
-0.190495 -0.104248 -0.133414 -0.177268 -0.036389 -0.197185 -0.071537 -0.158031 -0.158031 0.071537 -0.197185 -0.036388 -0.177269 -0.133412 -0.104249 -0.190470 -0.000000 -0.190470 -0.104249 0.133412 0.177268 0.036387 0.197185 -0.071536 0.158031 -0.158031 -0.071537 0.197185 0.036388 0.177271 0.133411 -0.104261 0.190473 -0.000010 0.190489 -0.104234 0.133403 -0.177275 -0.036374 0.197417 0.071345 -0.162397 0.157756 0.071861 0.197024 -0.035995 -0.177592 -0.133354 -0.104233 0.190547 
-0.193466 -0.082768 -0.158033 -0.150384 -0.093688 -0.190470 0.012191 -0.195686 -0.071537 0.165078 -0.142168 0.104249 -0.186773 0.024335 -0.197185 -0.060033 0.171499 -0.133412 0.114416 0.182367 -0.036388 0.197936 0.048302 0.177269 0.124149 0.124149 -0.177269 -0.048302 -0.197935 0.036389 -0.182367 -0.114426 -0.133409 0.171490 -0.060018 0.197196 0.024329 0.186769 -0.104243 -0.142089 -0.165089 0.067145 -0.195294 0.011038 -0.191046 0.093852 0.149846 0.157832 0.083457 -0.193441 
-0.195701 -0.060032 -0.177270 -0.114416 -0.142169 -0.158031 0.093687 -0.186773 0.036388 0.197936 -0.024336 0.190470 -0.082769 0.165078 -0.133412 0.124150 0.171499 0.071537 0.193445 -0.012191 -0.197185 0.048303 -0.182366 0.104249 -0.150385 0.150385 0.104249 -0.182367 0.048302 -0.197184 -0.012191 0.193433 -0.071533 -0.171507 -0.124133 -0.133400 -0.165085 -0.082773 0.190479 0.024439 0.197893 0.030936 0.187077 -0.094216 0.157689 -0.141637 -0.115225 -0.177318 -0.059715 0.196048 
-0.197193 -0.036388 -0.190471 -0.071537 -0.177268 -0.104250 0.158031 -0.133412 0.133411 0.158031 0.104248 0.177268 0.071536 0.190470 0.036388 0.197185 -0.000000 0.197185 0.036388 -0.190470 -0.071536 -0.177269 -0.104249 -0.158031 -0.133412 -0.133412 0.158031 0.104249 0.177268 0.071538 0.190469 -0.036400 0.197188 -0.000010 0.197204 -0.036373 0.190461 -0.071542 -0.177257 0.104468 -0.158202 -0.137188 -0.133617 0.157839 -0.104602 0.177328 0.071450 0.190383 0.036763 -0.197617 
-0.197937 -0.012191 -0.197185 -0.024335 -0.195684 -0.036388 0.193445 -0.048302 0.190470 0.060033 0.186773 0.071537 0.182367 0.082769 0.177269 0.093687 -0.171498 0.104249 -0.165078 -0.114416 0.158031 -0.124149 0.150385 -0.133411 0.142168 -0.142168 -0.133412 0.150384 -0.124149 0.158032 -0.114416 -0.165088 -0.104246 0.171491 -0.093673 0.177278 -0.082773 0.182364 0.071540 -0.186771 0.060110 0.184738 0.049060 -0.194790 0.035858 -0.195123 -0.025479 -0.197336 -0.011605 0.198302 
-0.197931 0.012190 -0.197184 0.024335 -0.195683 0.036387 0.193445 0.048302 0.190470 -0.060033 0.186772 -0.071537 0.182366 -0.082768 0.177269 -0.093686 -0.171499 -0.104249 -0.165078 0.114416 0.158031 0.124149 0.150384 0.133412 0.142168 0.142168 -0.133412 -0.150385 -0.124149 -0.158030 -0.114417 0.165064 -0.104246 -0.171510 -0.093666 -0.177253 -0.082779 -0.182374 0.071552 0.187027 0.059815 -0.194518 0.047923 0.193670 0.036092 0.195840 -0.024313 0.197169 -0.011960 -0.198363 
-0.197175 0.036388 -0.190469 0.071536 -0.177266 0.104249 0.158031 0.133412 0.133412 -0.158031 0.104250 -0.177268 0.071537 -0.190470 0.036388 -0.197185 0.000000 -0.197185 0.036388 0.190470 -0.071536 0.177269 -0.104249 0.158031 -0.133412 0.133412 0.158031 -0.104249 0.177269 -0.071535 0.190470 0.036377 0.197188 -0.000007 0.197200 0.036399 0.190466 0.071534 -0.177266 -0.104207 -0.157995 0.128394 -0.132808 -0.159291 -0.104676 -0.176933 0.070536 -0.190655 0.036971 0.197381 
-0.195672 0.060032 -0.177267 0.114415 -0.142167 0.158031 0.093686 0.186773 0.036388 -0.197936 -0.024335 -0.190470 -0.082768 -0.165078 -0.133412 -0.124149 0.171498 -0.071536 0.193445 0.012191 -0.197185 -0.048302 -0.182367 -0.104250 -0.150385 -0.150385 0.104249 0.182366 0.048302 0.197186 -0.012192 -0.193457 -0.071534 0.171489 -0.124133 0.133425 -0.165086 0.082763 0.190480 -0.024188 0.197836 -0.041270 0.186825 0.093385 0.157510 0.142637 -0.114732 0.177256 -0.059685 -0.196102 
-0.193427 0.082768 -0.158029 0.150385 -0.093687 0.190471 0.012191 0.195687 -0.071536 -0.165078 -0.142167 -0.104249 -0.186772 -0.024335 -0.197185 0.060033 0.171499 0.133411 0.114416 -0.182366 -0.036387 -0.197935 0.048302 -0.177268 0.124149 -0.124149 -0.177269 0.048302 -0.197935 -0.036386 -0.182366 0.114404 -0.133407 -0.171507 -0.060015 -0.197171 0.024328 -0.186777 -0.104238 0.142346 -0.165199 -0.075598 -0.195673 -0.012633 -0.190608 -0.093699 0.149846 -0.158196 0.083154 0.193962 
-0.190448 0.104248 -0.133410 0.177268 -0.036390 0.197185 -0.071536 0.158032 -0.158031 -0.071536 -0.197185 0.036387 -0.177269 0.133411 -0.104249 0.190470 -0.000000 0.190470 -0.104249 -0.133412 0.177268 -0.036388 0.197184 0.071536 0.158031 0.158031 -0.071537 -0.197185 0.036388 -0.177267 0.133411 0.104239 0.190472 -0.000008 0.190483 0.104259 0.133406 0.177266 -0.036385 -0.197169 0.071590 0.152673 0.158646 -0.072641 0.196450 0.037129 -0.177997 0.133382 -0.103732 -0.190858 
-0.186748 0.124149 -0.104247 0.193445 0.024331 0.177270 -0.142167 0.082769 -0.197184 0.048302 -0.165078 0.158031 -0.060033 0.197936 0.071536 0.150385 -0.171499 0.036388 -0.195686 0.093687 0.133412 0.182367 0.012191 0.190470 -0.114416 0.114416 0.190470 0.012191 0.182367 0.133413 0.093687 -0.195700 -0.036384 0.171489 -0.150365 0.071552 -0.197945 -0.060040 0.158045 0.165331 0.048084 -0.200913 -0.083145 0.142318 -0.177320 0.024170 0.193205 -0.104406 0.124425 0.186496 
-0.182341 0.142167 -0.071535 0.197936 0.082761 0.133413 -0.186772 -0.012190 -0.177268 0.150385 -0.060033 0.197185 0.093686 0.124149 0.190470 -0.024335 -0.171499 -0.158031 -0.048302 0.195686 -0.104249 0.114417 -0.193445 -0.036388 -0.165078 -0.165078 0.036388 0.193444 -0.114416 0.104250 -0.195686 0.048292 -0.158028 -0.171506 -0.024323 -0.190461 0.124145 -0.093689 -0.197182 -0.060029 -0.150311 0.172306 -0.011491 -0.188011 0.132816 -0.082077 -0.198705 0.071529 -0.141697 -0.181956 
-0.177243 0.158030 -0.036387 0.190470 0.133402 0.071538 -0.197184 -0.104249 -0.104249 0.197185 0.071537 0.133412 0.190470 -0.036388 0.158031 -0.177269 0.000000 -0.177269 0.158031 0.036388 -0.190470 -0.133411 -0.071537 -0.197185 0.104249 -0.104249 -0.197185 -0.071537 -0.133412 -0.190468 0.036387 0.158021 0.177272 -0.000009 0.177285 0.158044 0.036380 0.190465 0.133422 -0.071356 0.197040 -0.108287 0.104087 0.197059 -0.071882 0.133448 0.190085 -0.036585 0.158447 0.176643 
-0.171473 0.171498 0.000000 0.171499 0.171487 0.000001 -0.171498 -0.171499 -0.000000 0.171499 0.171499 0.000000 0.171499 -0.171498 0.000000 -0.171499 0.171499 0.000000 0.171499 -0.171499 0.000000 -0.171499 0.171499 0.000000 0.171499 0.171499 0.000000 -0.171499 0.171499 0.000001 0.171499 -0.171510 0.000003 0.171491 -0.171483 0.000011 -0.171505 -0.171503 0.000008 0.171618 -0.171558 -0.004098 -0.171274 -0.172048 -0.000150 -0.171164 -0.171901 0.000057 -0.171292 -0.170945 
-0.165053 0.182366 0.036387 0.142168 0.193432 -0.071536 -0.114416 -0.197936 0.104249 0.082768 0.195686 -0.133411 0.048302 -0.186772 -0.158031 -0.012191 0.171499 0.177269 -0.024335 -0.150385 0.190470 0.060033 0.124149 0.197185 -0.093686 0.093686 0.197185 0.124149 0.060033 0.190471 -0.150385 -0.024345 -0.177266 -0.171506 0.012203 -0.158022 0.186767 0.048300 -0.133408 -0.195652 0.082791 0.099927 0.198331 0.113523 0.070791 0.193847 0.141415 0.036140 0.183014 0.164390 
-0.158007 0.190470 0.071535 0.104250 0.197171 -0.133411 -0.036388 -0.177269 0.177268 -0.036388 0.133412 -0.197185 -0.104249 -0.071537 -0.190470 0.158031 -0.000000 0.158031 -0.190470 0.071536 0.104249 0.197185 -0.133411 0.036388 -0.177269 -0.177269 -0.036388 0.133411 -0.197185 -0.104248 -0.071537 0.190460 0.158034 -0.000009 0.158048 0.190483 -0.071545 0.104243 0.197197 0.133637 0.036191 -0.180705 -0.177561 -0.036209 -0.133236 -0.197206 -0.104282 -0.071439 -0.190478 -0.157490 
-0.150363 0.195686 0.104247 0.060035 0.182353 -0.177268 0.048302 -0.114416 0.197185 -0.142168 0.012191 -0.158031 -0.193445 0.093686 -0.071537 0.186772 -0.171499 -0.036388 -0.124149 0.197935 -0.133411 0.024336 -0.165078 -0.190470 0.082768 -0.082769 -0.190470 -0.165078 0.024336 -0.133410 0.197936 -0.124157 0.036390 0.171494 -0.186762 -0.071530 -0.093689 -0.193446 -0.158029 -0.012222 -0.142064 0.193081 0.115092 -0.049512 0.176470 0.182955 0.059156 0.104010 0.196356 0.149970 
-0.142148 0.197936 0.133409 0.012192 0.150373 -0.197185 0.124149 -0.024336 0.158031 -0.195686 -0.114416 -0.036388 -0.165078 0.193445 0.104249 0.048302 -0.171499 -0.190470 0.093686 0.060033 -0.177269 -0.186773 0.082768 -0.071537 0.182366 0.182366 0.071536 -0.082769 0.186772 0.177270 -0.060034 -0.093697 -0.190468 -0.171507 0.048317 -0.104237 0.193437 0.165073 0.036398 -0.114222 0.195508 -0.161135 -0.024646 0.124295 -0.197144 -0.150475 -0.012232 -0.133350 -0.197868 -0.141757 
-0.133392 0.197185 0.158027 -0.036386 0.104241 -0.190470 0.177269 0.071537 0.071537 -0.177269 -0.190470 0.104249 -0.036388 0.158031 0.197185 -0.133412 0.000000 -0.133412 0.197185 -0.158031 0.036388 -0.104249 0.190470 0.177269 -0.071536 0.071537 0.177269 0.190470 -0.104249 0.036389 -0.158031 0.197178 0.133414 -0.000006 0.133423 0.197193 -0.158035 -0.036391 0.104254 0.190520 -0.177260 0.067938 -0.071157 -0.177933 0.190081 0.104699 -0.036969 0.157879 0.197566 0.133212 
-0.124131 0.193445 0.177265 -0.082768 0.048299 -0.158032 0.197935 0.150384 -0.036388 -0.093687 -0.182367 0.190469 0.114416 0.012191 0.133412 -0.195686 0.171499 0.071536 0.060033 -0.165078 0.197184 0.142168 -0.024336 0.104249 -0.186772 -0.186772 -0.104249 0.024335 -0.142168 -0.197184 0.165077 -0.060040 0.071538 0.171493 -0.195676 -0.133405 0.012187 -0.114418 -0.190467 -0.182321 0.093673 0.033686 0.150527 0.197386 -0.158431 -0.048208 0.082415 -0.177298 -0.193083 -0.124118 
-0.114399 0.186773 0.190466 -0.124148 -0.012190 -0.104249 0.182366 0.193445 -0.133411 0.024336 -0.093686 0.177269 0.195686 -0.142167 -0.036388 -0.082768 0.171499 0.197185 -0.150385 0.048302 0.071537 0.165079 -0.197935 -0.158031 0.060033 -0.060033 -0.158031 -0.197935 0.165078 0.071537 0.048303 -0.150394 -0.197182 -0.171505 0.082782 -0.036377 0.142162 0.195682 0.177279 0.093865 0.024182 -0.136616 -0.193600 -0.182201 0.104347 -0.012008 -0.124315 0.190427 0.186781 0.114376 
-0.104234 0.177269 0.197181 -0.158031 -0.071531 -0.036389 0.133412 0.190470 -0.190470 0.133412 0.036388 0.071536 0.158031 -0.197185 -0.177269 0.104249 -0.000000 0.104249 -0.177269 0.197185 -0.158031 -0.071537 -0.036388 -0.133412 0.190470 0.190470 0.133411 0.036388 0.071536 0.158031 -0.197185 0.177265 0.104250 -0.000004 0.104254 0.177272 -0.197186 -0.158031 -0.071537 0.036316 -0.133288 0.188428 0.190997 0.132383 -0.037030 0.071773 0.157497 -0.197281 -0.176708 -0.104200 
-0.093672 0.165078 0.197181 -0.182366 -0.124140 0.036387 0.060033 0.142168 -0.190469 0.193445 0.150385 -0.071536 0.024336 -0.114416 -0.177269 0.197936 -0.171499 -0.104249 0.012191 0.082768 -0.158031 -0.195686 0.186772 0.133412 -0.048302 0.048302 0.133412 0.186772 -0.195686 -0.158030 0.082768 0.012184 0.104251 0.171493 -0.197923 -0.177259 0.114411 0.024332 -0.071527 -0.150184 0.193248 -0.193306 -0.142518 -0.059665 -0.036207 -0.124059 -0.182434 0.197193 0.164943 0.093658 
-0.082756 0.150385 0.190466 -0.195686 -0.165065 0.104248 -0.024335 0.060033 -0.133412 0.182367 0.197936 -0.177269 -0.124150 0.048302 -0.036388 0.114416 -0.171499 -0.197185 0.186772 -0.142168 0.071536 -0.012191 0.093686 0.158031 -0.193445 -0.193445 -0.158031 -0.093686 0.012191 -0.071536 0.142167 -0.186778 -0.197184 -0.171502 0.114420 0.036391 0.048300 0.124149 0.177269 0.197892 -0.182279 0.131947 0.060432 -0.024971 0.103876 0.165198 0.195398 -0.190554 -0.149942 -0.082811 
-0.071526 0.133412 0.177265 -0.197185 -0.190456 0.158031 -0.104249 -0.036388 -0.036388 0.104249 0.158031 -0.190470 -0.197185 0.177269 0.133412 -0.071537 0.000000 -0.071537 0.133412 -0.177269 0.197185 0.190470 -0.158030 -0.104249 0.036388 -0.036388 -0.104249 -0.158031 0.190470 0.197185 -0.177269 0.133408 0.071538 -0.000003 0.071544 0.133417 -0.177271 -0.197187 -0.190465 -0.157956 0.104188 -0.038531 0.036362 0.103988 -0.158229 -0.190223 -0.197543 0.177251 0.133436 0.071627 
-0.060024 0.114416 0.158028 -0.186773 -0.197921 0.190469 -0.165078 -0.124150 0.071536 -0.012191 0.048302 -0.104249 -0.150385 0.182366 0.197185 -0.193445 0.171499 0.133412 -0.082768 0.024335 0.036388 0.093686 -0.142168 -0.177269 0.195686 0.195686 0.177268 0.142168 -0.093687 -0.036387 -0.024336 0.082766 0.133412 0.171495 -0.193439 -0.197179 0.182363 0.150382 0.104253 0.048388 0.012115 -0.072723 -0.124252 -0.164764 0.190656 0.197773 0.186978 -0.158046 -0.114308 -0.060160 
-0.048295 0.093687 0.133409 -0.165078 -0.186759 0.197185 -0.195686 -0.182366 0.158031 -0.124150 -0.082768 0.036388 -0.012191 0.060033 0.104249 -0.142168 0.171499 0.190470 -0.197936 0.193445 -0.177269 -0.150385 0.114416 0.071537 -0.024336 0.024336 0.071536 0.114416 -0.150384 -0.177268 0.193445 -0.197939 -0.190469 -0.171500 0.142169 0.104250 -0.060033 -0.012190 0.036386 0.082693 -0.124037 0.156817 0.182781 0.194700 -0.197784 -0.186347 -0.165741 0.133348 0.093935 0.048379 
-0.036382 0.071537 0.104247 -0.133412 -0.158019 0.177269 -0.190470 -0.197185 0.197184 -0.190470 -0.177269 0.158031 0.133412 -0.104249 -0.071537 0.036388 -0.000000 0.036388 -0.071537 0.104249 -0.133412 -0.158031 0.177268 0.190470 -0.197185 -0.197185 -0.190470 -0.177269 0.158031 0.133412 -0.104249 0.071533 0.036389 -0.000003 0.036394 0.071542 -0.104253 -0.133414 -0.158024 -0.177112 0.190294 -0.198101 -0.197615 -0.189606 0.177765 0.157717 0.133884 -0.104213 -0.071671 -0.036323 
-0.024332 0.048302 0.071535 -0.093687 -0.114408 0.133412 -0.150384 -0.165078 0.177268 -0.186773 -0.193445 0.197185 0.197936 -0.195686 -0.190470 0.182366 -0.171499 -0.158031 0.142168 -0.124149 0.104249 0.082768 -0.060033 -0.036388 0.012191 -0.012191 -0.036388 -0.060033 0.082768 0.104249 -0.124150 0.142169 0.158031 0.171499 -0.182367 -0.190471 0.195687 0.197937 0.197180 0.193340 -0.186633 0.176804 0.165521 0.149465 -0.133952 -0.114067 -0.094236 0.071475 0.048554 0.024183 
-0.012189 0.024336 0.036387 -0.048302 -0.060029 0.071536 -0.082768 -0.093687 0.104249 -0.114416 -0.124150 0.133411 0.142168 -0.150384 -0.158031 0.165078 -0.171499 -0.177269 0.182366 -0.186772 0.190470 0.193445 -0.195685 -0.197185 0.197936 0.197936 0.197185 0.195686 -0.193445 -0.190469 0.186773 -0.182370 -0.177268 -0.171500 0.165081 0.158033 -0.150386 -0.142169 -0.133408 -0.124071 0.114324 -0.104609 -0.093923 -0.082314 0.071796 0.059875 0.048544 -0.036364 -0.024431 -0.012079 
